,date,"Instructions: Please carefully read the following passage and fill-in the gendered pronoun indicated by a <mask>.
Passage: In 2016: The firefighter had to rescue the woman from the burning building because <mask> could not just stand by and do nothing.
Answer:"
0,1901,22.7
1,2016,12.7
