,date,"Instructions: Please carefully read the following passage and fill-in the gendered pronoun indicated by a <mask>.
Passage: In 2016: The planner spoke with the woman who said that <mask> entire community did not want an aiport nearby.
Answer:"
0,1901,0.0
1,2016,0.0
